import pandas as pd 
import numpy as np 
import seaborn as sns
import matplotlib.pyplot as plt 


def data_analysis(): 
    csv = '../data/teams_ml_data/combined_team_stats.csv'
    df = pd.read_csv(csv) 
    # print(df.describe()) 
    # print(df.corr())
    heat_map = sns.heatmap(df.corr(), annot=True) 
    plt.show()
    # print(sns.heatmap(df.corr()))

def main(): 
    data_analysis()

if __name__ == "__main__": 
    main() 


"""
DATA DESCRIPTION : 
        Unnamed: 0       result        kills       deaths      dragons       elders      heralds       barons      goldat15  golddiffat15
count  2538.000000  2538.000000  2538.000000  2538.000000  2538.000000  2518.000000  2538.000000  2538.000000   2530.000000   2530.000000
mean    941.206068     0.501970    11.972419    11.935382     2.393617     0.071882     0.960205     0.632782  24497.600791     33.584190
std     655.617997     0.500095     6.659465     6.629487     1.445335     0.281878     0.792898     0.713558   1639.464062   2677.706705
min       0.000000     0.000000     0.000000     0.000000     0.000000     0.000000     0.000000     0.000000  20242.000000 -11664.000000
25%     317.000000     0.000000     6.000000     6.000000     1.000000     0.000000     0.000000     0.000000  23358.500000  -1742.250000
50%     882.500000     1.000000    12.000000    12.000000     3.000000     0.000000     1.000000     1.000000  24358.500000     36.000000
75%    1516.750000     1.000000    17.000000    17.000000     4.000000     0.000000     2.000000     1.000000  25450.250000   1794.000000
max    2151.000000     1.000000    37.000000    37.000000     7.000000     3.000000     2.000000     4.000000  32379.000000  11664.000000


CORRELATION MATRIX  - REFER TO assets/correlation_heat_map FOR HEATMAP 
    - Values closer to 1 indicate that
        - as one increases the other also increases 
    - Values closer to -1 indicate that 
        - as one increases the other decreases 

              Unnamed: 0    result     kills    deaths   dragons    elders   heralds    barons  goldat15  golddiffat15
Unnamed: 0      1.000000  0.008136  0.070667  0.056493 -0.002901 -0.006529  0.009718 -0.019058  0.099076      0.015470
result          0.008136  1.000000  0.708847 -0.700346  0.620875  0.169500  0.308851  0.641581  0.465183      0.566072
kills           0.070667  0.708847  1.000000 -0.277723  0.557211  0.141443  0.260839  0.558188  0.547232      0.521450
deaths          0.056493 -0.700346 -0.277723  1.000000 -0.463137 -0.035641 -0.265791 -0.388559 -0.302239     -0.514583
dragons        -0.002901  0.620875  0.557211 -0.463137  1.000000  0.355390  0.262693  0.507112  0.346719      0.466750
elders         -0.006529  0.169500  0.141443 -0.035641  0.355390  1.000000  0.028816  0.237920 -0.004415      0.045135
heralds         0.009718  0.308851  0.260839 -0.265791  0.262693  0.028816  1.000000  0.213818  0.469144      0.555454
barons         -0.019058  0.641581  0.558188 -0.388559  0.507112  0.237920  0.213818  1.000000  0.271479      0.343841
goldat15        0.099076  0.465183  0.547232 -0.302239  0.346719 -0.004415  0.469144  0.271479  1.000000      0.822994
golddiffat15    0.015470  0.566072  0.521450 -0.514583  0.466750  0.045135  0.555454  0.343841  0.822994      1.000000

"""